
[467]  Shape=(100240, 5)
   F1_freq   F1_bw  F2_freq   F2_bw  F3_freq
0   881.13  2308.3   3107.9  3530.5   4144.5
1   845.36  1761.2   2605.4  3107.8   4098.0
2   679.69  1133.6   2774.8  3388.6   4432.9
3   787.44  1332.9   3041.9  3573.7   4414.9
4   933.26  1586.0   2604.0  3030.1   4185.5

[328]  Shape=(106520, 5)
   F1_freq   F1_bw  F2_freq   F2_bw  F3_freq
0   704.61  1702.7   2307.9  2923.8   4499.5
1   898.00  1576.6   2232.2  2866.5   4581.5
2   990.82  1475.6   2193.7  2871.9   4636.4
3   634.71  1535.8   2231.5  2882.1   3996.3
4   399.62  1276.4   1874.4  2617.7   3474.6

[306]  Shape=(85810, 5)
   F1_freq    F1_bw  F2_freq   F2_bw  F3_freq
0   343.79   927.74   2329.5  3163.4   4533.6
1   343.21   958.41   1867.8  3149.7   4497.8
2   463.77   932.38   1944.1  3417.5   4699.3
3   570.41  1343.40   2591.4  3441.7   4406.5
4   473.82  1267.10   2596.6  3680.2   4460.3

[371]  Shape=(91170, 5)
   F1_freq    F1_bw  F2_freq   F2_bw  F3_freq
0     0.00     0.00      0.0     0.0      0.0
1     0.00     0.00      0.0     0.0      0.0
2     0.00     0.00      0.0     0.0      0.0
3   112.08   593.98   1195.9  1728.1   2187.3
4   227.00  1203.00   2425.9  3511.4   4430.0

[363]  Shape=(122710, 5)
   F1_freq    F1_bw  F2_freq   F2_bw  F3_freq
0   230.94   662.44   2291.5  3424.8   4345.3
1   152.54  1112.90   2614.5  3948.2   4512.6
2   213.18  1371.90   2500.1  3426.0   4360.8
3   289.39   996.31   2199.2  3263.4   4400.7
4   292.56  1447.90   2546.9  3846.9   4434.9
